#lat,lon,elevation(m),MAT (⁰C)
49.665,-112.865,897.000,10.0
49.665,-112.855,898.143,10.0
49.665,-112.845,899.286,10.0
49.665,-112.835,900.429,10.0
49.665,-112.825,901.571,10.0
49.665,-112.815,902.714,10.0
49.665,-112.805,903.857,10.0
49.665,-112.795,905.000,10.0
49.675,-112.865,898.714,10.0
49.675,-112.855,899.857,10.0
49.675,-112.845,901.000,10.0
49.675,-112.835,902.143,10.0
49.675,-112.825,903.286,10.0
49.675,-112.815,904.429,10.0
49.675,-112.805,905.571,10.0
49.675,-112.795,906.714,10.0
49.685,-112.865,900.429,10.0
49.685,-112.855,901.571,10.0
49.685,-112.845,902.714,10.0
49.685,-112.835,903.857,10.0
49.685,-112.825,905.000,10.0
49.685,-112.815,906.143,10.0
49.685,-112.805,907.286,10.0
49.685,-112.795,908.429,10.0
49.695,-112.865,902.143,10.0
49.695,-112.855,903.286,10.0
49.695,-112.845,904.429,10.0
49.695,-112.835,905.571,10.0
49.695,-112.825,906.714,10.0
49.695,-112.815,907.857,10.0
49.695,-112.805,909.000,10.0
49.695,-112.795,910.143,10.0
49.705,-112.865,903.857,10.0
49.705,-112.855,905.000,10.0
49.705,-112.845,906.143,10.0
49.705,-112.835,907.286,10.0
49.705,-112.825,908.429,10.0
49.705,-112.815,909.571,10.0
49.705,-112.805,910.714,10.0
49.705,-112.795,911.857,10.0
49.715,-112.865,905.571,10.0
49.715,-112.855,906.714,10.0
49.715,-112.845,907.857,10.0
49.715,-112.835,909.000,10.0
49.715,-112.825,910.143,10.0
49.715,-112.815,911.286,10.0
49.715,-112.805,912.429,10.0
49.715,-112.795,913.571,10.0
49.725,-112.865,907.286,10.0
49.725,-112.855,908.429,10.0
49.725,-112.845,909.571,10.0
49.725,-112.835,910.714,10.0
49.725,-112.825,911.857,10.0
49.725,-112.815,913.000,10.0
49.725,-112.805,914.143,10.0
49.725,-112.795,915.286,10.0
49.735,-112.865,909.000,10.0
49.735,-112.855,910.143,10.0
49.735,-112.845,911.286,10.0
49.735,-112.835,912.429,10.0
49.735,-112.825,913.571,10.0
49.735,-112.815,914.714,10.0
49.735,-112.805,915.857,10.0
49.735,-112.795,917.000,10.0
