#lat,lon, weather file path, option id, till id, fert id, irrig id, plant id, plant mgmt id
49.665,-112.865,wthr01.csv,0,1,1,1,0,1
49.665,-112.855,wthr01.csv,0,1,1,1,0,1
49.665,-112.845,wthr01.csv,0,1,1,1,0,1
49.665,-112.835,wthr01.csv,0,1,1,1,0,1
49.665,-112.825,wthr01.csv,0,1,1,1,0,1
49.665,-112.815,wthr01.csv,0,1,1,1,0,1
49.665,-112.805,wthr01.csv,0,1,1,1,0,1
49.665,-112.795,wthr01.csv,0,1,1,1,0,1
49.675,-112.865,wthr01.csv,0,1,1,1,0,1
49.675,-112.855,wthr01.csv,0,1,1,1,0,1
49.675,-112.845,wthr01.csv,0,1,1,1,0,1
49.675,-112.835,wthr01.csv,0,1,1,1,0,1
49.675,-112.825,wthr01.csv,0,1,1,1,0,1
49.675,-112.815,wthr01.csv,0,1,1,1,0,1
49.675,-112.805,wthr01.csv,0,1,1,1,0,1
49.675,-112.795,wthr01.csv,0,1,1,1,0,1
49.685,-112.865,wthr01.csv,0,1,1,1,0,1
49.685,-112.855,wthr01.csv,0,1,1,1,0,1
49.685,-112.845,wthr01.csv,0,1,1,1,0,1
49.685,-112.835,wthr01.csv,0,1,1,1,0,1
49.685,-112.825,wthr01.csv,0,1,1,1,0,1
49.685,-112.815,wthr01.csv,0,1,1,1,0,1
49.685,-112.805,wthr01.csv,0,1,1,1,0,1
49.685,-112.795,wthr01.csv,0,1,1,1,0,1
49.695,-112.865,wthr01.csv,0,1,1,1,0,1
49.695,-112.855,wthr01.csv,0,1,1,1,0,1
49.695,-112.845,wthr01.csv,0,1,1,1,0,1
49.695,-112.835,wthr01.csv,0,1,1,1,0,1
49.695,-112.825,wthr01.csv,0,1,1,1,0,1
49.695,-112.815,wthr01.csv,0,1,1,1,0,1
49.695,-112.805,wthr01.csv,0,1,1,1,0,1
49.695,-112.795,wthr01.csv,0,1,1,1,0,1
49.705,-112.865,wthr01.csv,0,1,1,1,0,1
49.705,-112.855,wthr01.csv,0,1,1,1,0,1
49.705,-112.845,wthr01.csv,0,1,1,1,0,1
49.705,-112.835,wthr01.csv,0,1,1,1,0,1
49.705,-112.825,wthr01.csv,0,1,1,1,0,1
49.705,-112.815,wthr01.csv,0,1,1,1,0,1
49.705,-112.805,wthr01.csv,0,1,1,1,0,1
49.705,-112.795,wthr01.csv,0,1,1,1,0,1
49.715,-112.865,wthr01.csv,0,1,1,1,0,1
49.715,-112.855,wthr01.csv,0,1,1,1,0,1
49.715,-112.845,wthr01.csv,0,1,1,1,0,1
49.715,-112.835,wthr01.csv,0,1,1,1,0,1
49.715,-112.825,wthr01.csv,0,1,1,1,0,1
49.715,-112.815,wthr01.csv,0,1,1,1,0,1
49.715,-112.805,wthr01.csv,0,1,1,1,0,1
49.715,-112.795,wthr01.csv,0,1,1,1,0,1
49.725,-112.865,wthr01.csv,0,1,1,1,0,1
49.725,-112.855,wthr01.csv,0,1,1,1,0,1
49.725,-112.845,wthr01.csv,0,1,1,1,0,1
49.725,-112.835,wthr01.csv,0,1,1,1,0,1
49.725,-112.825,wthr01.csv,0,1,1,1,0,1
49.725,-112.815,wthr01.csv,0,1,1,1,0,1
49.725,-112.805,wthr01.csv,0,1,1,1,0,1
49.725,-112.795,wthr01.csv,0,1,1,1,0,1
49.735,-112.865,wthr01.csv,0,1,1,1,0,1
49.735,-112.855,wthr01.csv,0,1,1,1,0,1
49.735,-112.845,wthr01.csv,0,1,1,1,0,1
49.735,-112.835,wthr01.csv,0,1,1,1,0,1
49.735,-112.825,wthr01.csv,0,1,1,1,0,1
49.735,-112.815,wthr01.csv,0,1,1,1,0,1
49.735,-112.805,wthr01.csv,0,1,1,1,0,1
49.735,-112.795,wthr01.csv,0,1,1,1,0,1
