4  1  0  0  0  0  2  0  0  2  2.5
90.0  15.0  180.0  30.0  810.  3.0  0.025  0.025  405.0  0.025  0.025  0.45  
0.20  0.075  0.20  0.075
0.025  0.015  0.0  240.0  240.0  12.5  0.10
21.0  5.0  -1.0  0.25
0.0167  0.125  0.25 
0.00  0.00  0.50  0.50  0.90  90.0  90.0
5.0  3.0  0.20  0.20  0.50e-03  0.0
3.3e-04  1.0e-04  0.10  0.10  1.0e+04  4.0e+08  5.0e-02  250.0  250.0
2.5e-02  0.40  0.0125
2.5e-02  0.35  0.030
5.0e-03  0.075  0.002
-1.25  -5.0  5.0e+03
7.2e-01 7.6e-01 8.0e-01 8.8e-01 7.6e-01 7.6e-01 8.8e-01 7.6e-01 7.2e-01
10.0e-02 2.5e-02 1.0e-02 3.0e-02 2.0e-02 2.0e-02 3.75e-02 2.0e-02 10.0e-02
10.0e-03 2.5e-03 1.0e-03 3.0e-03 2.0e-03 2.0e-03 3.75e-03 2.0e-03 10.0e-03
