01012001
31122001
01012001
no
1.0,0.0,0.0,1.0,1.00,1.0,1.0,1.00,1.0,1.0
1.0,0.0,0.0,1.0,1.00,1.0,1.0,1.00,1.0,1.0
1.0,0.0,0.0,1.0,1.00,1.0,1.0,1.00,1.0,1.0
1.0,0.0,0.0,1.0,1.00,1.0,1.0,1.00,1.0,1.0
1.0,0.0,0.0,1.0,1.00,1.0,1.0,1.00,1.0,1.0
1.0,0.0,0.0,1.0,1.00,1.0,1.0,1.00,1.0,1.0
1.0,0.0,0.0,1.0,1.00,1.0,1.0,1.00,1.0,1.0
1.0,0.0,0.0,1.0,1.00,1.0,1.0,1.00,1.0,1.0
1.0,0.0,0.0,1.0,1.00,1.0,1.0,1.00,1.0,1.0
1.0,0.0,0.0,1.0,1.00,1.0,1.0,1.00,1.0,1.0
1.0,0.0,0.0,1.0,1.00,1.0,1.0,1.00,1.0,1.0
1.0,0.0,0.0,1.0,1.00,1.0,1.0,1.00,1.0,1.0
60,5,1,1,500,0
