#lat,lon,site id,soil id
49.665,-112.865,0,0
49.665,-112.855,0,0
49.665,-112.845,0,0
49.665,-112.835,0,0
49.665,-112.825,0,0
49.665,-112.815,0,0
49.665,-112.805,0,0
49.665,-112.795,0,0
49.675,-112.865,0,0
49.675,-112.855,0,0
49.675,-112.845,0,0
49.675,-112.835,0,0
49.675,-112.825,0,0
49.675,-112.815,0,0
49.675,-112.805,0,0
49.675,-112.795,0,0
49.685,-112.865,0,0
49.685,-112.855,0,0
49.685,-112.845,0,0
49.685,-112.835,0,0
49.685,-112.825,0,0
49.685,-112.815,0,0
49.685,-112.805,0,0
49.685,-112.795,0,0
49.695,-112.865,0,0
49.695,-112.855,0,0
49.695,-112.845,0,0
49.695,-112.835,0,0
49.695,-112.825,0,0
49.695,-112.815,0,0
49.695,-112.805,0,0
49.695,-112.795,0,0
49.705,-112.865,0,0
49.705,-112.855,0,0
49.705,-112.845,0,0
49.705,-112.835,0,0
49.705,-112.825,0,0
49.705,-112.815,0,0
49.705,-112.805,0,0
49.705,-112.795,0,0
49.715,-112.865,0,0
49.715,-112.855,0,0
49.715,-112.845,0,0
49.715,-112.835,0,0
49.715,-112.825,0,0
49.715,-112.815,0,0
49.715,-112.805,0,0
49.715,-112.795,0,0
49.725,-112.865,0,0
49.725,-112.855,0,0
49.725,-112.845,0,0
49.725,-112.835,0,0
49.725,-112.825,0,0
49.725,-112.815,0,0
49.725,-112.805,0,0
49.725,-112.795,0,0
49.735,-112.865,0,0
49.735,-112.855,0,0
49.735,-112.845,0,0
49.735,-112.835,0,0
49.735,-112.825,0,0
49.735,-112.815,0,0
49.735,-112.805,0,0
49.735,-112.795,0,0
