3  2  0  1  1  0  2  0  0  2  2.5
45.0  9.5  0.0  12.5  500.0  0.0  0.125  0.0  405.0  0.025  0.0  0.70
0.20  0.075  0.20  0.075
0.025  0.015  0.0  240.0  240.0  12.5  0.10
21.0  5.0  -1.0  0.25
0.0125  0.125  0.25 
0.25  0.25  0.25  0.25  0.90  45.0  45.0
4.0  2.0  0.20  0.20  0.50e-03  0.0
3.3e-04  1.0e-04  0.10  0.10  1.0e+04  4.0e+08  5.0e-02  250.0  250.0
2.5e-02  0.40  0.0125
2.5e-02  0.35  0.030
5.0e-03  0.075  0.002
-1.25  -5.0  5.0e+03
6.7e-01 7.6e-01 8.0e-01 6.7e-01 7.6e-01 7.6e-01 6.7e-01 7.6e-01 6.7e-01
15.0e-02 3.75e-02 2.0e-02 12.5e-02 2.5e-02 2.5e-02 15.0e-02 2.5e-02 12.5e-02
15.0e-03 3.75e-03 2.0e-03 12.5e-03 2.5e-03 2.5e-03 15.0e-03 2.5e-03 12.5e-03
